0	0
1.00000000 0.00000000 0.00000000 0.00000000
0.00000000 1.00000000 0.00000000 0.00000000
0.00000000 0.00000000 1.00000000 0.00000000
0.00000000 0.00000000 0.00000000 1.00000000
1	1
0.99050488 -0.04023050 0.13145944 -0.01536254
0.00507440 0.96627191 0.25747398 -0.50975707
-0.13738388 -0.25436216 0.95730119 -0.00103740
0.00000000 0.00000000 0.00000000 1.00000000
2	2
0.84987583 -0.14978217 0.50524882 -0.39018734
0.01061383 0.96342802 0.26775699 -0.53813526
-0.52687609 -0.22219757 0.82038395 0.25391176
0.00000000 0.00000000 0.00000000 1.00000000
3	3
0.85491977 -0.14212973 0.49891014 -0.28189027
0.01278977 0.96721800 0.25362524 -0.55155938
-0.51860255 -0.21044829 0.82871160 0.31653803
0.00000000 0.00000000 0.00000000 1.00000000
4	4
0.96770331 -0.07241153 0.24146817 0.11774163
0.00281353 0.96090050 0.27687962 -0.65592523
-0.25207616 -0.26725794 0.93007032 0.24232639
0.00000000 0.00000000 0.00000000 1.00000000
5	5
0.99314848 0.03785879 -0.11055680 0.60600692
-0.00392789 0.95634781 0.29220445 -0.74448218
0.11679326 -0.28976815 0.94994408 0.13967153
0.00000000 0.00000000 0.00000000 1.00000000
6	6
0.91411306 0.12027546 -0.38720942 0.98869637
-0.00638569 0.95914155 0.28285456 -0.74937538
0.40540911 -0.25608845 0.87753186 0.07296528
0.00000000 0.00000000 0.00000000 1.00000000
7	7
0.84778546 0.07027075 -0.52566323 1.05482893
-0.00789500 0.99274523 0.11997737 -0.25950596
0.53028056 -0.09756496 0.84218977 0.21433579
0.00000000 0.00000000 0.00000000 1.00000000
8	8
0.88606109 0.00209342 -0.46356377 0.93366302
0.00483310 0.99989374 0.01375348 0.02598763
0.46354330 -0.01442688 0.88595681 0.34988724
0.00000000 0.00000000 0.00000000 1.00000000
9	9
0.94608536 0.04844129 -0.32027478 0.96563637
-0.00549377 0.99101186 0.13366122 -0.50594394
0.32387082 -0.12469540 0.93784793 0.17325137
0.00000000 0.00000000 0.00000000 1.00000000
10	10
0.98402508 0.06060664 -0.16739617 1.09751062
-0.00603607 0.95108724 0.30886344 -1.12980454
0.17792754 -0.30291896 0.93625952 -0.03108123
0.00000000 0.00000000 0.00000000 1.00000000
11	11
0.99937273 0.01696310 -0.03108692 1.63306146
0.00046046 0.87151884 0.49036180 -1.24368890
0.03541089 -0.49006852 0.87096436 -0.18997291
0.00000000 0.00000000 0.00000000 1.00000000
12	12
0.99303402 0.06065849 -0.10101475 2.02839344
-0.00415151 0.87478682 0.48449023 -1.14898788
0.11775482 -0.48069591 0.86894490 -0.19291411
0.00000000 0.00000000 0.00000000 1.00000000
13	13
0.89018003 0.13071947 -0.43645382 2.10957555
-0.00554756 0.96099589 0.27650702 -1.10223163
0.45557517 -0.24371977 0.85618452 -0.00928318
0.00000000 0.00000000 0.00000000 1.00000000
14	14
0.72868925 0.04481745 -0.68337644 2.17475487
-0.00515456 0.99818704 0.05996714 -1.07185789
0.68482509 -0.04017490 0.72759919 0.06916773
0.00000000 0.00000000 0.00000000 1.00000000
15	15
0.82067965 -0.02776168 -0.57071376 2.42278622
-0.01930691 0.99690132 -0.07625616 -1.09899028
0.57106230 0.07360060 0.81760064 -0.40071032
0.00000000 0.00000000 0.00000000 1.00000000
16	16
0.94174056 0.00039219 -0.33633996 2.63648367
-0.00468885 0.99991745 -0.01196267 -1.15981071
0.33630750 0.01284278 0.94166466 -0.84177987
0.00000000 0.00000000 0.00000000 1.00000000
17	17
0.94447579 0.10871783 -0.31007406 2.75604147
-0.00745056 0.95051938 0.31057593 -1.10517160
0.32849654 -0.29102122 0.89855254 -0.69772330
0.00000000 0.00000000 0.00000000 1.00000000
18	18
0.96687731 0.14077477 -0.21291015 2.84323486
0.00004006 0.83406778 0.55166198 -1.03259419
0.25524158 -0.53339798 0.80643557 -0.49512486
0.00000000 0.00000000 0.00000000 1.00000000
19	19
0.99989017 -0.01253459 0.00790722 2.86024292
0.00567969 0.81690233 0.57674806 -1.01831182
-0.01368873 -0.57663980 0.81688381 -0.47269709
0.00000000 0.00000000 0.00000000 1.00000000
20	20
0.93250386 -0.20156606 0.29967930 2.84627063
0.01418647 0.84957129 0.52728301 -1.01291626
-0.36088129 -0.48744204 0.79508801 -0.49105146
0.00000000 0.00000000 0.00000000 1.00000000
21	21
0.83121399 -0.25630142 0.49334864 2.84780094
0.02265482 0.90227151 0.43057273 -1.01598180
-0.55549083 -0.34672136 0.75578717 -0.50516262
0.00000000 0.00000000 0.00000000 1.00000000
22	22
0.86525427 -0.05141124 0.49869022 2.81638504
0.02019265 0.99749464 0.06779891 -0.99355565
-0.50092645 -0.04859342 0.86412463 -0.54611838
0.00000000 0.00000000 0.00000000 1.00000000
23	23
0.85919365 0.05517069 0.50866735 2.77544505
0.02520206 0.98839932 -0.14977199 -1.03337239
-0.51102949 0.14150261 0.84783600 -0.45637603
0.00000000 0.00000000 0.00000000 1.00000000
24	24
0.75244211 0.00563130 0.65863432 2.79140734
0.02562499 0.99895612 -0.03781573 -1.01293744
-0.65815973 0.04533164 0.75151235 -0.32356526
0.00000000 0.00000000 0.00000000 1.00000000
25	25
0.50788943 -0.19510869 0.83903571 2.75331692
0.02079856 0.97650561 0.21448593 -1.01618714
-0.86117115 -0.09148440 0.50001486 -0.07046561
0.00000000 0.00000000 0.00000000 1.00000000
26	26
0.16515022 -0.48452003 0.85904933 2.70687892
0.02847355 0.87298890 0.48690824 -1.02745353
-0.98585732 -0.05595282 0.15797031 0.20942604
0.00000000 0.00000000 0.00000000 1.00000000
27	27
-0.14194153 -0.65906164 0.73857319 2.68254258
0.01971387 0.74409760 0.66778000 -1.03777031
-0.98967872 0.10934585 -0.09262570 0.46749103
0.00000000 0.00000000 0.00000000 1.00000000
28	28
-0.33157641 -0.66419472 0.67000183 2.66067920
0.01025204 0.70759910 0.70653974 -1.04428083
-0.94337266 0.24114080 -0.22781382 0.62033359
0.00000000 0.00000000 0.00000000 1.00000000
29	29
-0.38677437 -0.44668622 0.80676949 2.65128336
0.02084148 0.87039810 0.49190728 -1.04493203
-0.92193884 0.20707140 -0.32733808 0.67631845
0.00000000 0.00000000 0.00000000 1.00000000
30	30
-0.33696684 -0.08978479 0.93722571 2.65506730
0.02605222 0.99417236 0.10460692 -1.04929045
-0.94115601 0.05966588 -0.33266402 0.63556828
0.00000000 0.00000000 0.00000000 1.00000000
31	31
-0.31069451 0.15807174 0.93727384 2.63679236
0.02435237 0.98707495 -0.15839823 -1.05014278
-0.95019781 -0.02638863 -0.31052819 0.56095812
0.00000000 0.00000000 0.00000000 1.00000000
32	32
-0.50923321 0.05152699 0.85908469 2.64026064
0.01790446 0.99862435 -0.04928333 -0.98863044
-0.86044231 -0.00971526 -0.50945524 0.57994969
0.00000000 0.00000000 0.00000000 1.00000000
33	33
-0.75276085 -0.20655785 0.62504796 2.62271437
0.02164956 0.94121496 0.33711377 -0.91891274
-0.65793799 0.26729807 -0.70403789 0.57183068
0.00000000 0.00000000 0.00000000 1.00000000
34	34
-0.78065109 -0.34029303 0.52419894 2.52143482
0.01996388 0.82475626 0.56513587 -0.88920761
-0.62464816 0.45163898 -0.63705330 0.34008716
0.00000000 0.00000000 0.00000000 1.00000000
35	35
-0.60421827 -0.46220847 0.64906364 2.32732293
0.02822692 0.80164154 0.59713825 -0.87901121
-0.79631873 0.37912291 -0.47131974 -0.04153175
0.00000000 0.00000000 0.00000000 1.00000000
36	36
-0.27268324 -0.51685089 0.81148568 2.05849737
0.04740901 0.83520611 0.54788972 -0.81384918
-0.96093508 0.18787208 -0.20324332 -0.52744218
0.00000000 0.00000000 0.00000000 1.00000000
37	37
0.07087476 -0.54053579 0.83833038 1.86622272
0.01903645 0.84102382 0.54066306 -0.82926869
-0.99730356 -0.02236053 0.06989724 -0.98361862
0.00000000 0.00000000 0.00000000 1.00000000
38	38
0.29961226 -0.52630699 0.79575966 1.70014640
0.01541439 0.83663776 0.54753964 -0.84028977
-0.95393652 -0.15178344 0.25877963 -1.44661231
0.00000000 0.00000000 0.00000000 1.00000000
39	39
0.20227709 -0.57119983 0.79549653 1.65052239
0.01554811 0.81405858 0.58057461 -0.82941741
-0.97920490 -0.10506847 0.17354648 -2.01365242
0.00000000 0.00000000 0.00000000 1.00000000
40	40
0.25277307 -0.36939617 0.89423277 1.63601637
0.02129605 0.92614744 0.37655995 -0.82486209
-0.96729119 -0.07614059 0.24197181 -2.12198077
0.00000000 0.00000000 0.00000000 1.00000000
41	41
0.34360772 -0.04247631 0.93815217 1.63996300
0.01652917 0.99909538 0.03918164 -0.83266253
-0.93896779 0.00204376 0.34399899 -2.08185424
0.00000000 0.00000000 0.00000000 1.00000000
42	42
0.27902433 0.16990405 0.94513387 1.63788139
0.02076419 0.98292565 -0.18282781 -0.83481904
-0.96005952 0.07063835 0.27073225 -2.06070656
0.00000000 0.00000000 0.00000000 1.00000000
43	43
-0.01997466 0.27845982 0.96024015 1.63913820
0.02421081 0.96028485 -0.27796915 -0.84192722
-0.99950730 0.01769585 -0.02592310 -2.05870779
0.00000000 0.00000000 0.00000000 1.00000000
44	44
-0.35664618 0.26795273 0.89498874 1.64075908
0.00267632 0.95827547 -0.28583380 -0.81430840
-0.93423570 -0.09954625 -0.34248241 -2.05193124
0.00000000 0.00000000 0.00000000 1.00000000
45	45
-0.48542209 0.11865762 0.86619037 1.62947518
0.02651529 0.99228950 -0.12107224 -0.81183736
-0.87387776 -0.03580385 -0.48482548 -2.08154023
0.00000000 0.00000000 0.00000000 1.00000000
46	46
-0.51257250 -0.19285725 0.83670516 1.61916089
0.02306198 0.97100579 0.23794098 -0.79149133
-0.85833419 0.14125808 -0.49326319 -2.15128646
0.00000000 0.00000000 0.00000000 1.00000000
47	47
-0.62861834 -0.34178004 0.69858814 1.62953944
0.02163240 0.89022671 0.45500379 -0.84951135
-0.77741303 0.30113587 -0.55221931 -2.01850545
0.00000000 0.00000000 0.00000000 1.00000000
48	48
-0.81210930 -0.28374139 0.50987186 1.63079954
0.00957191 0.86721272 0.49784583 -1.02016681
-0.58342683 0.40918568 -0.70155557 -1.64306053
0.00000000 0.00000000 0.00000000 1.00000000
49	49
-0.95628497 -0.14169043 0.25581804 1.63472965
-0.00296265 0.87943093 0.47601729 -1.22420296
-0.29242139 0.45445028 -0.84140637 -1.16182245
0.00000000 0.00000000 0.00000000 1.00000000
50	50
-0.99994897 0.00574856 -0.00830690 1.70965053
0.00133538 0.89030439 0.45536394 -1.40931188
0.01001335 0.45532961 -0.89026663 -0.78635085
0.00000000 0.00000000 0.00000000 1.00000000
51	51
-0.94437995 0.15028661 -0.29250718 2.12772862
-0.01107153 0.87443376 0.48501857 -1.56012934
0.32866995 0.46128031 -0.82413381 -0.68631695
0.00000000 0.00000000 0.00000000 1.00000000
52	52
-0.80535949 0.29850174 -0.51214530 2.78545364
-0.01556935 0.85301264 0.52165797 -1.65283436
0.59258222 0.42809597 -0.68233434 -0.82755113
0.00000000 0.00000000 0.00000000 1.00000000
53	53
-0.70806413 0.28597213 -0.64565094 3.12844350
-0.01847242 0.90651383 0.42177179 -1.71177751
0.70590648 0.31056821 -0.63658733 -0.89391701
0.00000000 0.00000000 0.00000000 1.00000000
54	54
-0.70023898 0.10852663 -0.70561132 3.04206634
-0.01671781 0.98561402 0.16818299 -1.66542726
0.71371274 0.12956456 -0.68835103 -0.87537469
0.00000000 0.00000000 0.00000000 1.00000000
55	55
-0.44265201 0.18898789 -0.87655164 3.04390498
-0.02399217 0.97469149 0.22226308 -1.69225456
0.89637245 0.11941558 -0.42691491 -0.90594573
0.00000000 0.00000000 0.00000000 1.00000000
56	56
-0.17169830 0.45588993 -0.87331785 3.18105499
-0.02456698 0.88422540 0.46641388 -1.71646291
0.98484321 0.10153726 -0.14062016 -0.80125153
0.00000000 0.00000000 0.00000000 1.00000000
57	57
-0.10279532 0.69691468 -0.70974858 3.03362471
-0.02566240 0.71143290 0.70228532 -1.71503743
0.99437144 0.09040550 -0.05524746 -0.56984172
0.00000000 0.00000000 0.00000000 1.00000000
58	58
-0.29464235 0.67105399 -0.68034728 2.60425285
-0.02550486 0.70617669 0.70757613 -1.67379819
0.95526718 0.22583406 -0.19095442 -0.45174035
0.00000000 0.00000000 0.00000000 1.00000000
59	59
-0.57590765 0.54312977 -0.61101590 2.02169741
-0.02235248 0.73666572 0.67588756 -1.57293007
0.81720912 0.40290654 -0.41211112 -0.27933425
0.00000000 0.00000000 0.00000000 1.00000000
60	60
-0.83003708 0.34172905 -0.44074903 1.33726363
-0.01418042 0.77709891 0.62921872 -1.49680161
0.55752791 0.52852487 -0.64017505 -0.11713451
0.00000000 0.00000000 0.00000000 1.00000000
61	61
-0.97198035 0.12559946 -0.19869316 0.66521245
-0.00863450 0.82563164 0.56414346 -1.40627800
0.23490347 0.55005197 -0.80141324 0.03672965
0.00000000 0.00000000 0.00000000 1.00000000
62	62
-0.99884079 -0.02492006 0.04118342 0.08515501
-0.00117162 0.86789470 0.49674684 -1.34451574
-0.04812184 0.49612275 -0.86691782 0.16162526
0.00000000 0.00000000 0.00000000 1.00000000
63	63
-0.97892318 -0.08135984 0.18732323 -0.34119964
0.00241554 0.91254557 0.40896791 -1.29211004
-0.20421454 0.40080065 -0.89311548 0.26606622
0.00000000 0.00000000 0.00000000 1.00000000
64	64
-0.99028630 0.01685836 -0.13801751 -0.38009275
-0.00601754 0.98649623 0.16367338 -1.30586837
0.13891302 0.16291404 -0.97681226 0.27956069
0.00000000 0.00000000 0.00000000 1.00000000
65	65
-0.92619648 -0.01575573 -0.37671186 -0.25170650
-0.01017944 0.99980724 -0.01678877 -1.29697595
0.37690377 -0.01171499 -0.92617833 0.23830248
0.00000000 0.00000000 0.00000000 1.00000000
66	66
-0.99715804 -0.00614198 -0.07508736 -0.26287379
-0.00423979 0.99966669 -0.02546622 -1.30661951
0.07521875 -0.02507549 -0.99685172 0.24827918
0.00000000 0.00000000 0.00000000 1.00000000
67	67
-0.95950853 -0.00469751 0.28164039 -0.26695086
0.00650223 0.99922513 0.03881836 -1.31680369
-0.28160450 0.03907784 -0.95873449 0.24696207
0.00000000 0.00000000 0.00000000 1.00000000
68	68
-0.97594181 -0.02485587 0.21660973 -0.16810006
0.00360858 0.99150309 0.13003310 -1.29581466
-0.21800130 0.12768639 -0.96755962 0.19862840
0.00000000 0.00000000 0.00000000 1.00000000
69	69
-0.99104674 0.02843349 -0.13045264 0.00364220
-0.00617998 0.96624463 0.25755217 -1.23187091
0.13337227 0.25605244 -0.95741787 0.11282006
0.00000000 0.00000000 0.00000000 1.00000000
70	70
-0.89620592 0.16138999 -0.41324112 0.12619898
-0.01077759 0.92328671 0.38396027 -1.18401604
0.44350737 0.34856121 -0.82571562 0.04365098
0.00000000 0.00000000 0.00000000 1.00000000
71	71
-0.78223351 0.40003663 -0.47757872 0.08702168
-0.01873605 0.75114396 0.65987250 -1.17641119
0.62270354 0.52512232 -0.58007486 -0.01690551
0.00000000 0.00000000 0.00000000 1.00000000
72	72
-0.71805086 0.37141603 -0.58860267 0.41045708
-0.02052716 0.83403541 0.55132891 -1.31050754
0.69568786 0.40796454 -0.59125572 0.36321869
0.00000000 0.00000000 0.00000000 1.00000000
73	73
-0.67038455 0.21329744 -0.71069597 0.83295900
-0.02216988 0.95160810 0.30651350 -1.47955168
0.74168259 0.22123796 -0.63321458 0.78689949
0.00000000 0.00000000 0.00000000 1.00000000
74	74
-0.66321204 0.22074072 -0.71513867 1.01820032
-0.01730148 0.95073930 0.30950840 -1.42270309
0.74823155 0.21764265 -0.62672261 0.50036442
0.00000000 0.00000000 0.00000000 1.00000000
75	75
-0.55826558 0.31146119 -0.76898080 1.09391895
-0.02048473 0.92140289 0.38806841 -1.27989166
0.82940938 0.23239760 -0.50800733 -0.20467195
0.00000000 0.00000000 0.00000000 1.00000000
76	76
-0.35105777 0.37867051 -0.85636855 1.08299795
-0.02335285 0.91075268 0.41229139 -1.25309640
0.93606255 0.16473674 -0.31088377 -0.65302602
0.00000000 0.00000000 0.00000000 1.00000000
77	77
-0.02715962 0.42660919 -0.90402818 1.05439525
-0.02596975 0.90375543 0.42726068 -1.22113760
0.99929371 0.03508163 -0.01346672 -1.21815552
0.00000000 0.00000000 0.00000000 1.00000000
78	78
0.31389632 0.42616598 -0.84844072 1.00759062
-0.02069634 0.89646488 0.44263120 -1.21500589
0.94923167 -0.12138068 0.29021710 -1.75683672
0.00000000 0.00000000 0.00000000 1.00000000
79	79
0.54766137 0.37872998 -0.74607682 0.98060107
-0.01751464 0.89668353 0.44232555 -1.23141701
0.83651674 -0.22917734 0.49771225 -2.09676999
0.00000000 0.00000000 0.00000000 1.00000000
80	80
0.80516482 0.17224142 -0.56748790 1.07703617
-0.01231465 0.96154491 0.27437154 -1.23253622
0.59292324 -0.21392590 0.77632322 -2.07994949
0.00000000 0.00000000 0.00000000 1.00000000
81	81
0.83251883 0.00627423 -0.55396122 1.12862829
-0.01357715 0.99986660 -0.00907977 -1.23889966
0.55383036 0.01508029 0.83249295 -1.96777118
0.00000000 0.00000000 0.00000000 1.00000000
82	82
0.75689532 -0.20298249 -0.62121460 1.12076606
-0.01577612 0.94459177 -0.32786811 -1.23977332
0.65334569 0.25796219 0.71175482 -1.97503922
0.00000000 0.00000000 0.00000000 1.00000000
83	83
0.83850912 -0.08081134 -0.53886175 1.11220091
-0.01025706 0.98642501 -0.16389170 -1.23822718
0.54479101 0.14295182 0.82629748 -2.00302563
0.00000000 0.00000000 0.00000000 1.00000000
84	84
0.93371827 0.04831469 -0.35473353 1.11215626
-0.00760713 0.99330566 0.11526493 -1.25768799
0.35792781 -0.10492647 0.92783518 -1.96522945
0.00000000 0.00000000 0.00000000 1.00000000
85	85
0.93331568 -0.07022647 -0.35212227 1.01517359
-0.00758028 0.97661421 -0.21486561 -1.30414302
0.35897686 0.20320662 0.91095701 -1.74381623
0.00000000 0.00000000 0.00000000 1.00000000
86	86
0.96218407 -0.08692458 -0.25815874 0.96219954
-0.01048429 0.93519923 -0.35396679 -1.33688573
0.27219827 0.34328782 0.89892245 -1.59266610
0.00000000 0.00000000 0.00000000 1.00000000
87	87
0.99961104 0.00266245 0.02776101 0.97467320
-0.00129721 0.99879396 -0.04908101 -1.31885935
-0.02785820 0.04902591 0.99840892 -1.60975525
0.00000000 0.00000000 0.00000000 1.00000000
88	88
0.95179315 0.01898668 0.30615241 0.98988850
0.01008723 0.99560523 -0.09310459 -1.31928589
-0.30657469 0.09170454 0.94741872 -1.62084330
0.00000000 0.00000000 0.00000000 1.00000000
89	89
0.82237465 0.16773091 0.54366008 1.00662719
0.01695461 0.94790676 -0.31809638 -1.30147026
-0.56869366 0.27081194 0.77669068 -1.64185559
0.00000000 0.00000000 0.00000000 1.00000000
90	90
0.62392457 0.23781907 0.74441938 1.00516607
0.01841735 0.94783152 -0.31823922 -1.33437623
-0.78126751 0.21226751 0.58699538 -1.63852539
0.00000000 0.00000000 0.00000000 1.00000000
91	91
0.38736478 0.08115240 0.91834787 1.07229936
0.01830492 0.99524490 -0.09566875 -1.31703404
-0.92174479 0.05386899 0.38403733 -1.68109080
0.00000000 0.00000000 0.00000000 1.00000000
92	92
0.09223992 -0.02342326 0.99546127 0.89594696
0.01825970 0.99959497 0.02182857 -1.32322096
-0.99556938 0.01616336 0.09263026 -1.58068441
0.00000000 0.00000000 0.00000000 1.00000000
93	93
-0.28107113 0.03566262 0.95902409 0.46970958
0.01603631 0.99934431 -0.03246205 -1.39400052
-0.95955295 0.00625506 -0.28145873 -1.34701770
0.00000000 0.00000000 0.00000000 1.00000000
94	94
-0.55482359 0.07764226 0.82833717 -0.00263255
0.01665608 0.99647289 -0.08224575 -1.44065932
-0.83180128 -0.03183503 -0.55415988 -1.09887096
0.00000000 0.00000000 0.00000000 1.00000000
95	95
-0.54296792 -0.02558177 0.83936369 -0.24410910
0.01754564 0.99897209 0.04179617 -1.40615852
-0.83957012 0.03742115 -0.54196095 -0.99101085
0.00000000 0.00000000 0.00000000 1.00000000
96	96
-0.20011886 -0.31392397 0.92811863 -0.34432937
0.02091255 0.94569619 0.32437846 -1.25563777
-0.97954842 0.08432357 -0.18268669 -1.06603040
0.00000000 0.00000000 0.00000000 1.00000000
97	97
0.18712967 -0.58574731 0.78859532 -0.34375097
0.02612012 0.80545928 0.59207523 -1.09322065
-0.98198790 -0.09019664 0.16602512 -1.10352801
0.00000000 0.00000000 0.00000000 1.00000000
98	98
0.25215524 -0.68042339 0.68807103 -0.28515618
0.02874557 0.71600028 0.69750792 -0.99581592
-0.96725975 -0.15610128 0.20010238 -0.87430926
0.00000000 0.00000000 0.00000000 1.00000000
99	99
0.05890017 -0.71424720 0.69741072 -0.18733714
0.02637730 0.69949323 0.71415227 -0.99608604
-0.99791533 -0.02366788 0.06004018 -0.32958450
0.00000000 0.00000000 0.00000000 1.00000000
100	100
-0.28393233 -0.66167097 0.69395530 -0.03075504
0.02186734 0.71908468 0.69457832 -1.03139845
-0.95859494 0.21238820 -0.18970240 0.37048940
0.00000000 0.00000000 0.00000000 1.00000000
101	101
-0.61587101 -0.50951825 0.60091101 0.24045300
0.02676768 0.74875272 0.66230874 -1.06231691
-0.78739214 0.42398175 -0.44749647 0.91767384
0.00000000 0.00000000 0.00000000 1.00000000
102	102
-0.82540622 -0.35461643 0.43926274 0.62896773
0.02116763 0.75810291 0.65179131 -1.07417270
-0.56414227 0.54729075 -0.61823647 1.13593649
0.00000000 0.00000000 0.00000000 1.00000000
103	103
-0.95356941 -0.18195634 0.23999432 1.16380368
0.01610219 0.76492321 0.64392019 -1.07018903
-0.30074259 0.61788703 -0.72647747 1.17225620
0.00000000 0.00000000 0.00000000 1.00000000
104	104
-0.99997984 0.00477863 0.00418127 1.78821375
0.00634723 0.77051041 0.63739581 -1.07383016
-0.00017583 0.63740950 -0.77052521 1.09808550
0.00000000 0.00000000 0.00000000 1.00000000
105	105
-0.95292885 0.18522110 -0.24004113 2.41141328
-0.00611684 0.77980235 0.62599591 -1.07066232
0.30313229 0.59799786 -0.74196319 0.94907554
0.00000000 0.00000000 0.00000000 1.00000000
106	106
-0.83035959 0.33608948 -0.44446239 2.89406116
-0.01440536 0.78441734 0.62006607 -1.08489985
0.55704169 0.52128044 -0.64650697 0.71793013
0.00000000 0.00000000 0.00000000 1.00000000
107	107
-0.64753247 0.45223689 -0.61333800 3.20753504
-0.01983047 0.79459277 0.60681882 -1.06394071
0.76177979 0.40509767 -0.50555655 0.36918242
0.00000000 0.00000000 0.00000000 1.00000000
108	108
-0.43310747 0.53584137 -0.72477027 3.34756443
-0.02309305 0.79724028 0.60322024 -1.05902270
0.90104641 0.27799635 -0.33291651 -0.24228068
0.00000000 0.00000000 0.00000000 1.00000000
109	109
-0.20902666 0.57723132 -0.78937435 3.31904757
-0.02831232 0.80329504 0.59490796 -1.03456693
0.97750001 0.14670064 -0.15156733 -0.91706932
0.00000000 0.00000000 0.00000000 1.00000000
110	110
0.06273426 0.58420580 -0.80917736 3.15082680
-0.03198188 0.81153473 0.58342826 -1.02893655
0.99751771 -0.01072192 0.06959503 -1.49374007
0.00000000 0.00000000 0.00000000 1.00000000
111	111
0.32184368 0.53499280 -0.78115258 2.91943474
-0.02360046 0.82932805 0.55826338 -1.00921130
0.94649863 -0.16123798 0.27954007 -1.79545026
0.00000000 0.00000000 0.00000000 1.00000000
112	112
0.57658839 0.44773697 -0.68343064 2.55927511
-0.02014421 0.84401289 0.53594445 -1.02022955
0.81678641 -0.29525218 0.49566734 -2.02250955
0.00000000 0.00000000 0.00000000 1.00000000
113	113
0.79242090 0.31799097 -0.52052940 2.14211443
-0.01423110 0.86276798 0.50539972 -1.01346277
0.60980865 -0.39308160 0.68820074 -2.21290285
0.00000000 0.00000000 0.00000000 1.00000000
114	114
0.93850855 0.17240491 -0.29912915 1.70666101
-0.00998906 0.87959451 0.47561929 -1.00539070
0.34511146 -0.44338475 0.82722913 -2.40262926
0.00000000 0.00000000 0.00000000 1.00000000

